DU=H:/data/nmrservice/nmr, USER=nmrservice, NAME=mml-tjh98_C_DMI, EXPNO=10, PROCNO=1
F1=15.000000ppm, F2=-0.500000ppm, MI=0.50cm, MAXI=1000000.00cm, PC=1.500
           #     ADDRESS            FREQUENCY         INTENSITY
                           [Hz]        [PPM]
     1     28560.7     3631.248       7.2618        18.32
     2     31618.0     3164.744       6.3289        35.18
     3     33622.1     2858.948       5.7173        29.18
     4     33628.8     2857.929       5.7153        28.64
     5     39542.1     1955.626       3.9109         1.05
     6     39773.0     1920.392       3.8404         0.93
     7     39976.4     1889.352       3.7783         0.78
     8     40016.3     1883.265       3.7662       200.00
     9     40207.0     1854.169       3.7080         0.80
    10     40246.9     1848.086       3.6958       182.99
    11     40506.9     1808.409       3.6165         1.05
    12     40737.0     1773.293       3.5462         0.96
    13     41404.3     1671.468       3.3426        63.02
    14     41408.2     1670.872       3.3414        62.38
    15     47007.6      816.474       1.6328         7.71
    16     48276.7      622.828       1.2455         1.05
