##TITLE= Parameter file, TopSpin 3.8.0
##JCAMPDX= 5.0
##DATATYPE= Parameter Values
##NPOINTS= 14	$$ modification sequence number
##ORIGIN= Bruker BioSpin GmbH
##OWNER= nmrservice
$$ 2025-09-02 20:41:37.042 +0100  nmrservice@aberlour
$$ H:/data/nmrservice/nmr/mml-tjh98_C_DMI/10/acqus
$$ process C:\Bruker\TopSpin3.8.0\prog\mod\go4.exe
##$ACQT0= -6.93913904922987
##$AMP= (0..31)
100 100 100 100 100 100 100 100 100 100 100 100 100 100 100 100 100 100
100 100 100 100 100 100 100 100 100 100 100 100 100 100
##$AMPCOIL= (0..19)
-1 0 0 0 0 0 0 0 0 0 0 0 0 0 0 0 0 0 0 0
##$ANAVPT= -1
##$AQSEQ= 0
##$AQ_mod= 3
##$AUNM= <zg_dru>
##$AUTOPOS= <19 >
##$BF1= 500.05
##$BF2= 533.373202
##$BF3= 533.373202
##$BF4= 533.373202
##$BF5= 533.373202
##$BF6= 533.373202
##$BF7= 533.373202
##$BF8= 533.373202
##$BWFAC= (0..63)
0 0 0 0 0 0 0 0 0 0 0 0 0 0 0 0 0 0 0 0 0 0 0 0 0 0 0 0 0 0 0 0 0 0 0 0
0 0 0 0 0 0 0 0 0 0 0 0 0 0 0 0 0 0 0 0 0 0 0 0 0 0 0 0
##$BYTORDA= 0
##$CAGPARS= (0..11)
0 0 0 0 0 0 0 0 0 0 0 0
##$CHEMSTR= <none>
##$CNST= (0..63)
1 1 1 1 1 1 1 1 1 1 1 1 1 1 1 1 1 1 1 1 1 1 1 1 1 1 1 1 1 1 1 1 1 1 1 1
1 1 1 1 1 1 1 1 1 1 1 1 1 1 1 1 1 1 1 1 1 1 1 1 1 1 1 1
##$CPDPRG= (0..8)
<> <> <> <> <> <> <> <> <>
##$D= (0..63)
0 0.1 0 0 0 0 0 0 0 0 0 0 0 0 0 0 0.0002 0 0 0 0 0 0 0 0 0 0 0 0 0 0 0
0 0 0 0 0 0 0 0 0 0 0 0 0 0 0 0 0 0 0 0 0 0 0 0 0 0 0 0 0 0 0 0
##$DATE= 1756842096
##$DATE_START= 1756842086
##$DE= 40.91087
##$DECBNUC= <off>
##$DECIM= 2000
##$DECNUC= <off>
##$DECSTAT= 4
##$DIGMOD= 3
##$DIGTYP= 12
##$DQDMODE= 0
##$DR= 22
##$DS= 0
##$DSPFIRM= 4
##$DSPFVS= 21
##$DTYPA= 0
##$EXP= <proton_quant_ns1_noRG.dch>
##$FCUCHAN= (0..9)
0 2 0 0 0 0 0 0 0 0
##$FL1= 90
##$FL2= 90
##$FL3= 90
##$FL4= 90
##$FN_INDIRECT= (0..7)
0 0 0 0 0 0 0 0
##$FOV= 20
##$FQ1LIST= <>
##$FQ2LIST= <>
##$FQ3LIST= <>
##$FQ4LIST= <>
##$FQ5LIST= <>
##$FQ6LIST= <>
##$FQ7LIST= <>
##$FQ8LIST= <>
##$FRQLO3= 259499.699999988
##$FRQLO3N= 1
##$FS= (0..7)
83 83 83 83 83 83 83 83
##$FTLPGN= 0
##$FW= 125000
##$FnILOOP= 0
##$FnMODE= 0
##$FnTYPE= 0
##$GPNAM= (0..31)
<> <> <> <> <> <> <> <> <> <> <> <> <> <> <> <> <> <> <> <> <> <> <> <>
<> <> <> <> <> <> <> <>
##$GPX= (0..31)
0 0 0 0 0 0 0 0 0 0 0 0 0 0 0 0 0 0 0 0 0 0 0 0 0 0 0 0 0 0 0 0
##$GPY= (0..31)
0 0 0 0 0 0 0 0 0 0 0 0 0 0 0 0 0 0 0 0 0 0 0 0 0 0 0 0 0 0 0 0
##$GPZ= (0..31)
0 0 0 0 0 0 0 0 0 0 0 0 0 0 0 0 0 0 0 0 0 0 0 0 0 0 0 0 0 0 0 0
##$GRDPROG= <>
##$GRPDLY= 76
##$HDDUTY= 20
##$HDRATE= 1
##$HGAIN= (0..3)
0 0 0 0
##$HL1= 1
##$HL2= 35
##$HL3= 16
##$HL4= 17
##$HOLDER= 19
##$HPMOD= (0..7)
0 0 0 0 0 0 0 0
##$HPPRGN= 0
##$IN= (0..63)
0 0 0 0 0 0 0 0 0 0 0 0 0 0 0 0 0 0 0 0 0 0 0 0 0 0 0 0 0 0 0 0 0 0 0 0
0 0 0 0 0 0 0 0 0 0 0 0 0 0 0 0 0 0 0 0 0 0 0 0 0 0 0 0
##$INF= (0..7)
0 0 0 0 0 0 0 0
##$INP= (0..63)
0 0 0 0 0 0 0 0 0 0 0 0 0 0 0 0 0 0 0 0 0 0 0 0 0 0 0 0 0 0 0 0 0 0 0 0
0 0 0 0 0 0 0 0 0 0 0 0 0 0 0 0 0 0 0 0 0 0 0 0 0 0 0 0
##$INSTRUM= <aberlour>
##$INTEGFAC= (0..63)
0 0 0 0 0 0 0 0 0 0 0 0 0 0 0 0 0 0 0 0 0 0 0 0 0 0 0 0 0 0 0 0 0 0 0 0
0 0 0 0 0 0 0 0 0 0 0 0 0 0 0 0 0 0 0 0 0 0 0 0 0 0 0 0
##$L= (0..31)
1 1 1 1 1 1 1 1 1 1 1 1 1 1 1 1 1 1 1 1 1 1 1 1 1 1 1 1 1 1 1 1
##$LFILTER= 100
##$LGAIN= -12
##$LINPSTP= 0
##$LOCKED= yes
##$LOCKFLD= -3954
##$LOCKGN= 126.373291015625
##$LOCKPOW= -34
##$LOCKPPM= 7.23999977111816
##$LOCNUC= <2H>
##$LOCPHAS= 279.8485
##$LOCSHFT= yes
##$LOCSW= 0
##$LTIME= 0.400000005960464
##$MASR= 0
##$MASRLST= <masrlst>
##$MULEXPNO= (0..15)
0 0 0 0 0 0 0 0 0 0 0 0 0 0 0 0
##$NBL= 1
##$NC= -6
##$NLOGCH= 2
##$NOVFLW= 0
##$NS= 1
##$NUC1= <1H>
##$NUC2= <off>
##$NUC3= <off>
##$NUC4= <off>
##$NUC5= <off>
##$NUC6= <off>
##$NUC7= <off>
##$NUC8= <off>
##$NUCLEUS= <off>
##$NUSLIST= <automatic>
##$NusAMOUNT= 25
##$NusFPNZ= no
##$NusJSP= 0
##$NusSEED= 54321
##$NusSPTYPE= 0
##$NusT2= 1
##$NusTD= 0
##$O1= 3000.3
##$O2= 0
##$O3= 3088.01
##$O4= 3088.01
##$O5= 3088.01
##$O6= 3088.01
##$O7= 3088.01
##$O8= 3088.01
##$OVERFLW= 0
##$P= (0..63)
10.9 10.9 21.8 10 20 19.8 30 60 20000 26 52 8000 80000 1000 500 0 1000
2500 100000 600 2000 0 0 0 2000 216 100000 10.9 0 1000 0 1900 20000 0 0
0 40000 0 0 192 2000 0 0 3600 240 0 80000 46600 10000 0 80000 0 0 0 0 0
0 0 0 0 0 0 0 1500
##$PACOIL= (0..15)
2 3 0 1 0 0 0 0 0 0 0 0 0 0 0 0
##$PAPS= 0
##$PARMODE= 0
##$PCPD= (0..9)
0 80 63 0 0 0 0 0 0 0
##$PEXSEL= (0..9)
1 1 1 1 1 1 1 1 1 1
##$PHCOR= (0..31)
0 0 0 0 0 0 0 0 0 0 0 0 0 0 0 0 0 0 0 0 0 0 0 0 0 0 0 0 0 0 0 0
##$PHLIST= <>
##$PHP= 1
##$PH_ref= 0
##$PL= (0..63)
120 120 120 120 120 120 120 120 120 120 120 120 120 120 120 120 120 120
120 120 120 120 120 120 120 120 120 120 120 120 120 120 120 120 120 120
120 120 120 120 120 120 120 120 120 120 120 120 120 120 120 120 120 120
120 120 120 120 120 120 120 120 120 120
##$PLSTEP= 0.1
##$PLSTRT= -6
##$PLW= (0..63)
0 14 0 0 0 0 0 0 0 6.6534e-005 1.8482 0.13747 0 0 0 0 0 0 14 0.2599 0 0
0 0 0 0 0 0.1426 0 1.8482 0 0 2.6613e-006 0 0 0 0 0 0 0 0 0 0 0 0 0 0 0
0 0 0 0 0 0 0 0 0 0 0 0 0 0 0 0
##$PLWMAX= (0..7)
144.25 0 0 0 0 0 0 0
##$PQPHASE= 0
##$PQSCALE= 1
##$PR= 1
##$PRECHAN= (0..15)
-1 3 0 1 -1 -1 -1 -1 -1 -1 -1 -1 -1 -1 -1 -1
##$PRGAIN= 0
##$PROBHD= <Z115434_0002 (CP DCH 500S2 C/H-D-05 Z ET)>
##$PROBINPUTS= (0..15)
<13C> <1H> <2H> <> <> <> <> <> <> <> <> <> <> <> <> <>
##$PULPROG= <zg>
##$PW= 0
##$PYNM= <>
##$ProjAngle= 0
##$QNP= 0
##$RD= 0
##$RECCHAN= (0..15)
0 2 0 0 0 0 0 0 0 0 0 0 0 0 0 0
##$RECPH= 0
##$RECPRE= (0..15)
-1 0 -1 -1 -1 -1 -1 -1 -1 -1 -1 -1 -1 -1 -1 -1
##$RECPRFX= (0..15)
1 0 0 0 0 0 0 0 0 0 0 0 0 0 0 0
##$RECSEL= (0..15)
0 0 1 0 0 0 0 0 0 0 0 0 0 0 0 0
##$RG= 18.9
##$RO= 0
##$RSEL= (0..15)
0 0 2 0 0 0 0 0 0 0 0 0 0 0 0 0
##$S= (0..7)
83 4 83 83 83 83 83 83
##$SELREC= (0..9)
0 0 0 0 0 0 0 0 0 0
##$SFO1= 500.0530003
##$SFO2= 533.373202
##$SFO3= 533.37629001
##$SFO4= 533.37629001
##$SFO5= 533.37629001
##$SFO6= 533.37629001
##$SFO7= 533.37629001
##$SFO8= 533.37629001
##$SOLVENT= <CDCl3>
##$SOLVOLD= <off>
##$SP= (0..63)
120 120 120 120 120 120 120 120 120 120 120 120 120 120 120 120 120 120
120 120 120 120 120 120 120 120 120 120 120 120 120 120 120 120 120 120
120 120 120 120 120 120 120 120 120 120 120 120 120 120 120 120 120 120
120 120 120 120 120 120 120 120 120 120
##$SPECTR= 0
##$SPINCNT= 0
##$SPNAM= (0..63)
<> <Gaus1_270.1000> <Gaus1_180r.1000> <Crp60,0.5,20.1> <Bip720,100,10.1>
<Sinc1.1000> <Squa100.10000> <Crp60comp.4> <Squa100.10000> <> <Sinc1.1000>
<Sinc1.1000> <> <> <Crp32,1.5,20.2> <> <> <> <Crp60_xfilt.2> <Sinc1.1000>
<Sinc1.1000> <Sinc1.1000> <Sinc1.1000> <> <> <> <Q3.1000> <> <> <Crp60,20,20.10>
<Bip720,50,20.1> <Crp32,1.5,20.2> <Q3.1000> <> <Rsnob.1000> <Gaus1_180r.1000>
<Gaus1_180r.1000> <> <> <> <Gaus1_180r.1000> <Squa100.10000> <> <> <> <>
<> <> <> <> <> <> <> <> <> <> <> <> <> <> <> <> <> <>
##$SPOAL= (0..63)
0.5 1 0.5 0.5 0.5 0.5 0.5 0.5 0.5 0.5 0.5 0.5 0.5 0.5 0.5 0.5 0.5 0.5 0.5
1 1 1 1 0.5 0.5 0.5 0.5 0.5 0.5 0.5 0.5 0.5 0.5 0.5 0.5 0.5 0.5 0.5 0.5
0.5 0.5 0.5 0.5 0.5 0.5 0.5 0.5 0.5 0.5 0.5 0.5 0.5 0.5 0.5 0.5 0.5 0.5
0.5 0.5 0.5 0.5 0.5 0.5 0.5
##$SPOFFS= (0..63)
0 0 0 0 0 0 0 0 0 0 0 0 0 0 0 0 0 0 0 0 0 0 0 0 0 0 0 0 0 0 0 0 0 0 0 0
0 0 0 0 0 0 0 0 0 0 0 0 0 0 0 0 0 0 0 0 0 0 0 0 0 0 0 0
##$SPPEX= (0..63)
0 0 0 0 0 0 0 0 0 0 0 0 0 0 0 0 0 0 0 0 0 0 0 0 0 0 0 0 0 0 0 0 0 0 0 0
0 0 0 0 0 0 0 0 0 0 0 0 0 0 0 0 0 0 0 0 0 0 0 0 0 0 0 0
##$SPW= (0..63)
0 0.0013808 6.137e-006 2.903 3.2986 0.0047962 6.6534e-005 2.903 1.6633e-007
0 0.0047962 0.0047962 0 0 1.2386 0 0 0 0.69559 9.796647e-006 1.522857e-005
7.110663e-006 3.834722e-005 0 0 0 0.00020701 0 0 0.063535 1.8482 0.30965
0.025556 0 6.7093e-005 6.137e-006 0.00039277 0 0 0 6.137e-006 1.6633e-007
0 0 0 0 0 0 0 0 0 0 0 0 0 0 0 0 0 0 0 0 0 0
##$SUBNAM= (0..9)
<> <> <> <> <> <> <> <> <> <>
##$SW= 19.9978802126987
##$SWIBOX= (0..19)
0 0 2 0 0 0 0 0 0 0 0 0 0 0 0 0 0 0 0 0
##$SW_h= 10000
##$SWfinal= 0
##$SigLockShift= 0
##$TD= 65536
##$TD0= 1
##$TD_INDIRECT= (0..7)
0 0 0 0 0 0 0 0
##$TDav= 1
##$TE= 298.0027
##$TE1= 298.2099
##$TE2= 0
##$TE3= 0
##$TE4= 0
##$TEG= 300
##$TE_MAGNET= 0
##$TE_PIDX= 1
##$TE_RAW= 298.2099
##$TE_STAB= (0..9)
2 2 0 0 0 0 0 0 0 0
##$TL= (0..7)
120 120 120 120 120 120 120 120
##$TOTROT= (0..63)
0 0 0 0 0 0 0 0 0 0 0 0 0 0 0 0 0 0 0 0 0 0 0 0 0 0 0 0 0 0 0 0 0 0 0 0
0 0 0 0 0 0 0 0 0 0 0 0 0 0 0 0 0 0 0 0 0 0 0 0 0 0 0 0
##$TUBE_TYPE= <>
##$USERA1= <>
##$USERA10= <user>
##$USERA2= <>
##$USERA3= <>
##$USERA4= <>
##$USERA5= <>
##$USERA6= <userUSERA5 DEF user acq. parameter 5$80002 255>
##$UUID= <d01f18d0-8834-11f0-9cd5-507c6f2db82f>
##$V9= 5
##$VALIDCODE= -1
##$VALIST= <>
##$VCLIST= <>
##$VDLIST= <>
##$VPLIST= <>
##$VTLIST= <>
##$WBST= 1024
##$WBSW= 20
##$XGAIN= (0..3)
0 0 0 0
##$XL= 0
##$YL= 0
##$YMAX_a= 224882
##$YMIN_a= -195709
##$ZGOPTNS= <>
##$ZL1= 120
##$ZL2= 120
##$ZL3= 120
##$ZL4= 120
##$scaledByNS= no
##$scaledByRG= no
##END=
