##TITLE= Parameter file, TopSpin 3.8.0
##JCAMPDX= 5.0
##DATATYPE= Parameter Values
##NPOINTS= 50633	$$ modification sequence number
##ORIGIN= Bruker BioSpin GmbH
##OWNER= nmrsu
$$ 2025-09-02 18:55:37.333 +0100  nmrservice@aberlour
$$ C:/Bruker/TopSpin3.8.0/conf/instr/aberlour/specpar
$$ process C:\Bruker\TopSpin3.8.0\prog\mod\hconfserver.exe
##$ANCIEN= (0..7)
0 0 0 0 0 0 0 0
##$BF1= 100.13
##$BF2= 100.13
##$BF3= 100.13
##$DEC= 1
##$DECB= 1
##$DEF19F= yes
##$DEFRSEL= yes
##$HPMOD= (0..7)
0 0 0 0 0 0 0 0
##$HPPRECH= (0..15)
-1 -1 -1 -1 -1 -1 -1 -1 -1 -1 -1 -1 -1 -1 -1 -1
##$HPSELECT= no
##$LOCSW19F= -1
##$LOCSW2H= -1
##$NUC1= 2
##$NUC2= 25
##$NUC3= 0
##$NUC4= 0
##$NUC5= 0
##$NUC6= 0
##$NUC7= 0
##$NUC8= 0
##$NUCARR= (0..123)
533.373202 533.373202 500.05 470.517102 380.935275 288.448032 285.644562
202.42395 194.338417 186.471805 178.179111 163.61863 163.610104 160.435912
157.76462 153.11531 152.498768 142.032667 139.064835 135.046093 132.590623
132.272726 131.527891 130.861795 130.297323 125.737673 125.282427 124.31243
123.958485 122.393088 121.470881 120.21202 120.018771 119.66485 118.647234
113.769376 112.634262 112.552884 110.976972 109.574101 109.339708 107.494668
106.71067 106.088008 104.613455 100.047434 99.345869 95.367101 89.563065
87.50528 85.621631 80.354475 76.76072 73.587788 70.635268 70.266091 67.789063
65.978097 65.587268 64.802565 59.953995 57.025702 55.570196 54.90549 53.723662
50.669626 49.85653 49.677252 48.994444 48.279542 46.486138 44.684723 41.454145
41.223727 40.782703 40.659066 39.475427 38.830883 38.383838 36.123037 33.65351
33.271802 33.061221 32.587888 31.287143 30.611236 28.265306 28.198005 28.190489
27.252725 26.091219 25.809426 24.50344 24.10741 24.10241 23.334198 23.269992
23.028058 22.882788 21.671277 20.852085 20.834018 20.241119 20.152015 20.037003
19.239924 17.443319 17.20172 17.20172 16.80168 16.190509 15.933828 15.351535
14.40144 12.807806 12.586259 11.412796 9.355936 9.207921 8.645865 8.590859
100 100 100
##$NUCOFFS= (0..127)
<1H> <13C> <2H> <3H> <19F> <3He> <205Tl> <203Tl> <31P> <7Li> <119Sn> <117Sn>
<87Rb> <115Sn> <11B> <125Te> <141Pr> <71Ga> <65Cu> <129Xe> <81Br> <63Cu>
<23Na> <51V> <123Te> <27Al> <79Br> <151Eu> <> <> <> <> <> <> <> <> <> <>
<> <> <> <> <> <> <> <> <> <> <> <> <> <> <> <> <> <> <> <> <> <> <> <>
<> <> <> <> <> <> <> <> <> <> <> <> <> <> <> <> <> <> <> <> <> <> <> <>
<> <> <> <> <> <> <> <> <> <> <> <> <> <> <> <> <> <> <> <> <> <> <> <>
<> <> <> <> <> <> <> <> <> <> <> <> <> <> <> <> <> <>
##$OBS= 1
##$OFFS= (0..127)
2350.5 7544.26 0 0 0 0 0 0 0 0 0 0 0 0 0 0 0 0 0 0 0 0 0 0 0 0 0 0 0 0
0 0 0 0 0 0 0 0 0 0 0 0 0 0 0 0 0 0 0 0 0 0 0 0 0 0 0 0 0 0 0 0 0 0 0 0
0 0 0 0 0 0 0 0 0 0 0 0 0 0 0 0 0 0 0 0 0 0 0 0 0 0 0 0 0 0 0 0 0 0 0 0
0 0 0 0 0 0 0 0 0 0 0 0 0 0 0 0 0 0 0 0 0 0 0 0 0 0
##$OFFSF= (0..7)
-29631.9000000267 0 0 0 0 0 0 0
##$OFFSH= (0..7)
3000.29999999651 1340.59999999181 0 0 0 0 0 0
##$OFFSX= (0..7)
4098.99999999652 6030.60000000255 0 0 0 0 0 0
##$OFFSXAS= (0..7)
0 0 0 0 0 0 0 0
##$OFSF1= 0
##$OFSF2= 0
##$OFSH1= 0
##$OFSH2= 0
##$OFSH3= 0
##$OFSX1= 0
##$OFSX2= 0
##$OFSY= 0
##$PACOIL= (0..15)
0 0 0 0 0 0 0 0 0 0 0 0 0 0 0 0
##$PRECHAN= (0..15)
-1 3 0 1 -1 -1 -1 -1 -1 -1 -1 -1 -1 -1 -1 -1
##$RECPRE= (0..15)
-1 0 -1 -1 -1 -1 -1 -1 -1 -1 -1 -1 -1 -1 -1 -1
##$RECPRFX= (0..15)
1 0 0 0 0 0 0 0 0 0 0 0 0 0 0 0
##$RECSEL= (0..15)
0 0 1 0 0 0 0 0 0 0 0 0 0 0 0 0
##$SELREC= (0..9)
0 0 0 0 0 0 0 0 0 0
##$SFO1= 500.052349
##$SFO2= 125.745217
##$SFO3= 500.05235
##$SFO4= 500.05235
##$SFO5= 500.05235
##$SFO6= 500.05235
##$SFO7= 500.05235
##$SFO8= 500.05235
##$TY= (0..123)
0 0 0 0 0 0 0 0 0 0 0 0 0 0 0 0 0 0 0 0 0 0 0 0 0 0 0 0 0 0 0 0 0 0 0 0
0 0 0 0 0 0 0 0 0 0 0 0 0 0 0 0 0 0 0 0 0 0 0 0 0 0 0 0 0 0 0 0 0 0 0 0
0 0 0 0 0 0 0 0 0 0 0 0 0 0 0 0 0 0 0 0 0 0 0 0 0 0 0 0 0 0 0 0 0 0 0 0
0 0 0 0 0 0 0 0 0 0 0 0 0 0 0 0
##END=
